maksssksksss647 0.999993 319.300812 48.505955 352.642975 87.430374
maksssksksss647 0.999040 279.044403 57.905666 304.714996 91.937103
maksssksksss647 0.766774 80.958031 27.109695 108.728966 43.119019
maksssksksss647 0.425600 186.758942 55.220642 215.841583 76.708130
maksssksksss647 0.096773 178.758423 40.210537 206.483124 58.109798
maksssksksss647 0.072028 80.756851 20.120792 113.766922 50.486492
maksssksksss647 0.047633 21.483316 35.041016 63.139198 77.290337
maksssksksss647 0.040297 233.963440 85.763298 266.889618 115.443779
maksssksksss647 0.030337 52.529022 155.697250 145.431656 202.624222
maksssksksss647 0.024379 117.047012 29.198400 136.486328 47.504623
maksssksksss647 0.013753 247.789841 35.453636 285.835663 59.688171
maksssksksss647 0.012536 132.263412 43.385769 152.462448 63.622646
maksssksksss647 0.009991 18.772650 25.491962 82.686302 94.608200
maksssksksss647 0.006722 139.950653 28.570049 161.864441 46.242161
maksssksksss647 0.006488 291.666016 115.768051 343.416504 192.385574
maksssksksss634 0.991848 371.572479 96.679497 381.784271 106.528954
maksssksksss634 0.263669 362.627777 91.732758 370.305389 100.194122
maksssksksss634 0.104057 184.235519 94.814880 200.990860 116.926926
maksssksksss634 0.089578 272.534424 90.697319 278.043152 98.567482
maksssksksss634 0.050147 284.702759 91.457581 289.617554 100.377396
maksssksksss634 0.049460 299.207886 88.941986 305.903931 102.557816
maksssksksss634 0.022016 385.142334 90.514465 394.471924 100.619537
maksssksksss634 0.005129 127.081985 64.618309 146.683640 82.783531
maksssksksss317 0.779655 285.406555 23.276106 324.614563 64.033249
maksssksksss348 0.998689 89.190041 178.662720 187.942993 311.477234
maksssksksss496 0.007077 191.093994 198.045624 248.028168 282.211517
maksssksksss496 0.005217 218.397308 207.009735 257.404388 293.695557
maksssksksss182 0.160355 119.304565 39.911041 174.988770 108.746887
maksssksksss182 0.020928 207.171387 49.135189 273.785156 109.242401
maksssksksss458 0.983139 21.415295 111.099907 46.301632 136.447144
maksssksksss277 0.997171 130.984039 54.544113 140.371246 64.049339
maksssksksss277 0.268508 281.304504 180.115234 292.754822 188.513794
maksssksksss277 0.161069 103.720284 36.350212 115.035103 51.414719
maksssksksss277 0.118302 59.310978 62.984524 67.696976 69.627190
maksssksksss277 0.054631 279.815704 54.048721 293.299835 67.991173
maksssksksss277 0.025988 307.791260 178.081055 319.493408 185.537842
maksssksksss277 0.012811 162.581360 50.104095 175.173004 62.984589
maksssksksss277 0.009572 141.579483 61.353546 149.064133 69.403915
maksssksksss797 0.063009 95.123711 81.133156 103.929817 91.435143
maksssksksss797 0.037212 111.606789 76.924347 122.362038 89.826569
maksssksksss797 0.028026 197.893463 80.635933 208.033997 92.808876
maksssksksss797 0.005046 17.311665 84.097557 28.926186 97.699913
maksssksksss280 0.089573 175.639008 19.699608 189.518982 35.311172
maksssksksss280 0.026616 246.451614 3.995417 256.128784 14.478628
maksssksksss280 0.024925 275.539246 13.484086 284.726746 24.941742
maksssksksss280 0.005488 344.618500 16.045074 356.363556 26.549038
maksssksksss249 0.998621 318.284149 121.455124 369.098419 200.171158
maksssksksss249 0.006290 281.603027 73.876419 380.382874 207.874069
maksssksksss218 0.997989 139.973541 224.866150 248.706207 365.403564
maksssksksss785 0.812661 143.812637 89.076775 216.883957 165.934784
maksssksksss342 0.989131 214.594345 51.820107 230.015640 72.223083
maksssksksss342 0.987775 29.420292 55.816826 53.037121 85.464668
maksssksksss342 0.029860 107.646545 44.857304 116.852203 60.531063
maksssksksss342 0.017000 90.857117 44.389961 103.194687 60.744255
maksssksksss843 0.013443 10.467243 151.882721 61.930645 202.502960
maksssksksss695 0.999408 319.679932 126.306961 347.067383 155.035843
maksssksksss695 0.997425 114.896233 122.887947 129.376297 143.228653
maksssksksss695 0.996499 164.648438 133.278259 197.233307 162.327484
maksssksksss695 0.403245 109.997192 128.217255 124.652725 148.399628
maksssksksss695 0.242704 186.029572 90.083115 197.677917 102.572968
maksssksksss695 0.115431 121.005692 116.502251 135.203445 139.141800
maksssksksss695 0.011275 62.865410 150.022430 91.061638 178.609894
maksssksksss695 0.010511 189.743500 155.359375 235.110352 205.690277
maksssksksss401 0.999691 130.863556 66.052292 169.158966 121.096619
maksssksksss401 0.995541 347.537933 64.063339 366.281097 100.353836
maksssksksss401 0.948877 90.992043 46.521488 132.367310 93.585190
maksssksksss401 0.011254 232.286285 101.946815 264.880432 149.880585
maksssksksss401 0.009034 339.424866 66.797844 361.962952 90.589119
maksssksksss732 0.999385 61.752445 57.242462 83.073380 80.029007
maksssksksss732 0.998859 38.205662 63.483734 58.027950 85.657120
maksssksksss732 0.040621 152.291565 43.811066 175.155029 68.690178
maksssksksss537 0.999973 95.867386 168.587921 201.044235 302.304657
maksssksksss537 0.031461 98.899658 198.164246 173.160187 282.997864
maksssksksss621 0.983928 308.770538 50.679562 391.167572 138.148682
maksssksksss621 0.028732 222.035339 30.168715 235.103394 47.593834
maksssksksss621 0.006733 311.576660 21.654297 360.310608 157.151398
maksssksksss771 0.065908 39.255997 95.468605 95.234024 136.012512
maksssksksss771 0.008304 125.090820 39.073723 146.559998 60.389343
maksssksksss462 0.011347 117.594154 38.909180 148.561493 90.509102
maksssksksss606 0.011175 65.751678 155.077957 72.947937 164.723587
maksssksksss606 0.009985 204.091354 117.043098 212.862167 127.697426
maksssksksss54 0.107136 164.500244 67.720879 179.949554 95.621025
maksssksksss54 0.035181 196.126129 68.495377 225.401215 105.221191
maksssksksss539 0.928673 222.181915 51.381157 232.873077 64.992508
maksssksksss539 0.910212 367.019684 16.207954 375.656647 29.052689
maksssksksss539 0.104256 304.480927 95.297325 314.226593 107.819954
maksssksksss539 0.031804 195.572052 22.165661 204.199799 35.132938
maksssksksss539 0.031636 32.075035 171.135040 44.017548 181.299072
maksssksksss539 0.030241 250.097473 129.924011 259.577637 140.337402
maksssksksss539 0.020313 259.735504 43.981812 268.732574 57.971146
maksssksksss539 0.018081 120.276489 19.258907 130.402863 31.380398
maksssksksss539 0.007840 204.826996 37.268562 216.256744 50.557472
maksssksksss539 0.006565 101.056458 202.537491 113.911087 217.084579
maksssksksss250 0.999926 85.661079 65.245193 118.162224 106.419861
maksssksksss250 0.441881 128.497437 40.477669 153.718811 68.797508
maksssksksss250 0.305288 35.212231 49.767124 61.062801 77.985291
maksssksksss250 0.188603 23.005651 34.673157 63.766045 78.183800
maksssksksss250 0.033011 341.878937 31.192059 389.401093 82.632141
maksssksksss250 0.032583 185.881454 43.038208 228.460434 121.766907
maksssksksss571 0.999967 122.265831 193.360657 203.359406 325.250366
maksssksksss443 0.999591 81.255280 143.343048 187.704071 271.983063
maksssksksss44 0.010304 338.512634 1.000000 390.504456 84.683311
maksssksksss331 0.576569 227.704590 97.536415 262.230103 139.784317
maksssksksss331 0.079965 263.771545 48.171291 276.449097 64.073181
maksssksksss331 0.070912 7.013843 143.451675 29.287613 171.216721
maksssksksss331 0.049206 344.690613 120.843498 379.760498 165.744843
maksssksksss331 0.009079 368.203888 47.590443 380.752655 63.150143
maksssksksss331 0.007038 345.909149 51.967400 359.091461 67.985039
maksssksksss331 0.005624 260.897552 51.169815 279.926971 69.805847
maksssksksss730 0.005574 149.865845 104.553604 162.102509 116.195053
maksssksksss199 0.593074 133.102158 117.769363 141.337204 130.518738
maksssksksss199 0.160632 137.258087 120.526428 144.042236 131.210083
maksssksksss199 0.012695 284.546875 137.595734 294.419189 147.418427
maksssksksss199 0.006144 301.948242 89.488937 319.775330 113.071655
maksssksksss561 0.990900 76.865311 161.187225 181.174973 276.880585
maksssksksss334 0.231358 342.100372 109.790703 370.094818 152.941101
maksssksksss334 0.049998 87.161293 67.383003 136.768768 131.338608
maksssksksss334 0.021716 5.838942 33.383766 38.537064 115.302116
maksssksksss471 0.997231 171.180542 36.961601 195.347443 72.922592
maksssksksss471 0.781591 130.997223 68.265144 152.057831 96.108757
maksssksksss471 0.070101 260.231262 69.700157 271.037415 85.256935
maksssksksss471 0.019141 305.246246 101.481598 316.062714 125.341431
maksssksksss471 0.013493 234.692978 80.520470 243.470078 95.370949
maksssksksss424 0.993896 220.063858 251.838348 240.422592 267.000000
maksssksksss424 0.264099 316.123627 107.807632 325.000580 119.128571
maksssksksss424 0.262977 296.197815 105.693253 304.246338 116.343369
maksssksksss424 0.230618 139.786102 173.053207 151.410248 185.486832
maksssksksss424 0.117076 300.159576 96.485497 308.812408 105.337852
maksssksksss424 0.065622 166.230499 235.265305 191.940979 259.439545
maksssksksss424 0.053142 143.535843 175.107391 154.837143 188.274536
maksssksksss424 0.051253 268.542114 108.919899 274.710815 118.040840
maksssksksss424 0.043977 126.624794 154.647919 137.625885 167.495453
maksssksksss424 0.043414 276.421234 140.435120 287.554047 154.005890
maksssksksss424 0.010212 282.103821 98.254974 290.628601 105.067825
maksssksksss424 0.009863 285.499603 107.409843 293.210602 116.793694
maksssksksss424 0.008290 311.954254 95.448067 321.207672 104.139961
maksssksksss424 0.007016 328.396729 108.107811 337.581116 118.134102
maksssksksss104 0.998488 304.925903 132.808777 331.612305 160.377716
maksssksksss104 0.996832 26.223373 90.514328 46.777855 109.010620
maksssksksss104 0.877582 3.047249 105.815407 20.696171 127.855614
maksssksksss104 0.434916 44.184441 115.619026 74.171455 140.530762
maksssksksss104 0.055348 80.538246 89.198914 94.190742 102.704010
maksssksksss104 0.039544 166.555695 83.576614 177.359039 99.098877
maksssksksss104 0.007606 162.799484 88.213791 180.781967 110.764633
maksssksksss784 0.999989 15.767239 60.714684 38.670353 83.762108
maksssksksss784 0.012594 13.936862 64.399185 28.819508 83.182129
maksssksksss580 0.029772 104.925110 91.223175 140.913055 133.973053
maksssksksss753 0.165069 256.026520 125.513641 266.366058 134.697968
maksssksksss753 0.111563 86.457321 122.851807 93.138931 128.791672
maksssksksss753 0.111070 270.201172 118.623695 278.266479 127.492210
maksssksksss753 0.076979 306.591736 122.174042 314.951782 132.105103
maksssksksss753 0.072505 69.064728 118.508194 75.499634 124.246460
maksssksksss753 0.027051 133.975525 115.910057 142.713043 125.386299
maksssksksss753 0.019115 167.693359 118.734222 176.754150 127.633057
maksssksksss753 0.016499 370.180420 99.061867 375.616028 105.191673
maksssksksss753 0.006167 354.465790 109.527863 361.784576 118.467926
maksssksksss753 0.005227 141.546310 118.614937 151.044113 127.525551
maksssksksss753 0.005197 6.341085 116.772903 15.940460 127.849976
