maksssksksss123 0.999977 235.033997 125.275284 311.926270 228.877670
maksssksksss123 0.999657 105.650803 101.783424 175.283279 197.192474
maksssksksss123 0.015192 77.657486 107.940018 190.474930 227.694565
maksssksksss123 0.005859 118.618195 161.076721 170.584625 225.181519
maksssksksss692 0.999951 65.486771 232.486176 155.391525 353.432037
maksssksksss647 0.732399 184.562836 52.030266 213.860504 75.248932
maksssksksss647 0.734028 76.727234 29.052719 107.817719 46.146141
maksssksksss647 0.022968 80.756851 20.120792 113.766922 50.486492
maksssksksss647 0.936003 117.047012 29.198400 136.486328 47.504623
maksssksksss647 0.993287 132.263412 43.385769 152.462448 63.622646
maksssksksss647 0.999998 296.875977 121.805855 333.676941 179.796448
maksssksksss647 0.999982 185.749603 144.445419 270.608246 220.050858
maksssksksss647 0.999960 364.466400 27.075996 394.847198 51.569748
maksssksksss647 0.999917 370.633423 61.451988 396.440063 94.305794
maksssksksss647 0.999812 22.312805 43.500771 66.157295 91.122826
maksssksksss647 0.997313 228.841263 84.495239 270.290100 128.591354
maksssksksss647 0.997157 48.958118 157.395569 150.823914 245.215576
maksssksksss647 0.993611 151.131683 80.435432 182.217590 107.406654
maksssksksss647 0.851916 145.166412 31.884035 167.203857 46.441673
maksssksksss647 0.009315 195.563065 104.774284 252.928696 258.400299
maksssksksss647 0.008927 243.629944 36.727951 266.712036 57.525696
maksssksksss647 0.005747 63.621861 178.041718 135.729019 228.860931
maksssksksss634 0.487118 272.534424 90.697319 278.043152 98.567482
maksssksksss634 0.014321 284.702759 91.457581 289.617554 100.377396
maksssksksss634 0.942953 182.921936 93.889313 200.844574 114.704651
maksssksksss634 0.995187 308.398651 86.737312 324.741791 103.060753
maksssksksss634 0.967041 128.601227 68.810425 147.925354 91.057037
maksssksksss634 0.034978 28.628057 102.860611 42.262363 114.382324
maksssksksss634 0.022483 250.644516 91.408012 256.023621 99.454430
maksssksksss317 0.853994 283.346893 16.755415 335.169220 75.098083
maksssksksss317 0.999999 74.095078 58.006950 162.133026 174.791321
maksssksksss317 0.043818 292.314423 24.202728 348.881256 140.274582
maksssksksss646 0.999982 94.748657 189.986603 195.994720 343.045074
maksssksksss496 0.017993 79.400635 66.572006 183.323669 220.049026
maksssksksss182 0.998376 120.208275 52.948051 166.435989 105.011086
maksssksksss182 0.987948 211.918213 42.020374 268.808655 119.383514
maksssksksss458 0.999979 148.578644 117.056854 181.239044 157.990082
maksssksksss458 0.999971 103.366440 87.335632 148.557617 141.334534
maksssksksss458 0.433146 87.792908 70.696915 154.266159 153.602493
maksssksksss687 0.999980 53.146397 214.172485 174.320923 355.811829
maksssksksss536 0.999940 105.508095 149.790558 196.786987 300.251465
maksssksksss277 0.134812 281.304504 180.115234 292.754822 188.513794
maksssksksss277 0.751531 59.171829 63.774509 68.406479 72.282555
maksssksksss277 0.035503 307.791260 178.081055 319.493408 185.537842
maksssksksss277 0.999973 30.705181 47.768654 48.939419 60.914864
maksssksksss277 0.999931 165.815430 47.605469 179.099762 62.300964
maksssksksss277 0.999221 205.151398 51.644653 222.563812 66.240669
maksssksksss277 0.998097 99.939026 39.978180 114.442764 53.568115
maksssksksss277 0.954272 168.001968 44.598949 180.740005 57.011135
maksssksksss277 0.882024 278.849213 53.812523 296.582306 71.445976
maksssksksss277 0.655276 37.887840 82.388130 49.851608 90.598091
maksssksksss277 0.096408 286.852539 43.434494 305.041870 65.228493
maksssksksss277 0.065347 109.514862 69.325821 119.961670 78.791428
maksssksksss277 0.024197 337.171509 52.678406 353.037476 71.751373
maksssksksss277 0.023632 47.992821 55.626881 61.522644 64.668671
maksssksksss277 0.010743 372.860382 68.516197 382.650848 77.384499
maksssksksss277 0.008129 212.288300 53.583950 224.113922 68.972046
maksssksksss277 0.007198 141.331329 81.671387 147.828888 93.863922
maksssksksss324 0.754787 78.624237 102.109398 236.648773 295.677673
maksssksksss797 0.179388 95.123711 81.133156 103.929817 91.435143
maksssksksss797 0.046218 111.606789 76.924347 122.362038 89.826569
maksssksksss797 0.814079 197.893463 80.635933 208.033997 92.808876
maksssksksss797 0.404902 17.311665 84.097557 28.926186 97.699913
maksssksksss797 0.999561 188.302872 77.417946 202.537338 92.031960
maksssksksss797 0.999198 229.674896 82.903214 244.623779 100.504501
maksssksksss797 0.997434 44.805592 59.565987 61.949429 78.395699
maksssksksss797 0.997076 282.611908 71.630737 295.460724 87.289322
maksssksksss797 0.982990 124.453339 72.132751 137.620148 87.151474
maksssksksss797 0.970910 13.630478 86.349113 24.574120 102.015083
maksssksksss797 0.866192 16.857225 79.678482 35.680222 102.677414
maksssksksss797 0.697395 67.094048 83.346474 76.142387 92.404457
maksssksksss797 0.645676 78.765793 80.824028 89.572052 94.506371
maksssksksss797 0.014162 18.495979 58.764404 38.968723 80.440598
maksssksksss797 0.005457 63.737389 79.550545 76.778419 96.903969
maksssksksss797 0.005149 196.434875 72.803665 210.109528 90.476578
maksssksksss280 0.921210 175.639008 19.699608 189.518982 35.311172
maksssksksss280 0.040225 246.451614 3.995417 256.128784 14.478628
maksssksksss280 0.322924 275.539246 13.484086 284.726746 24.941742
maksssksksss280 0.196939 344.618500 16.045074 356.363556 26.549038
maksssksksss280 0.999999 197.240585 88.457001 216.550156 106.427872
maksssksksss280 0.999992 94.516571 68.077400 113.119812 84.846855
maksssksksss280 0.999979 157.111237 33.091625 175.736938 53.965389
maksssksksss280 0.999907 261.294312 30.956585 274.606323 46.760685
maksssksksss280 0.999813 174.201416 15.713154 187.816956 30.064182
maksssksksss280 0.999684 143.311859 17.901461 157.365051 33.918045
maksssksksss280 0.999644 69.942268 24.158569 83.944862 39.530048
maksssksksss280 0.999523 240.459625 63.809425 259.220001 79.545387
maksssksksss280 0.999428 26.588957 54.580299 43.364082 71.686714
maksssksksss280 0.999274 202.171722 16.554419 214.862488 35.052971
maksssksksss280 0.997678 297.274933 12.825259 311.071686 26.841309
maksssksksss280 0.990719 376.887848 20.395037 389.611603 33.791370
maksssksksss280 0.932884 139.024033 21.173437 149.388901 35.158615
maksssksksss280 0.595692 283.080139 3.786738 294.166199 13.366164
maksssksksss280 0.200291 308.887878 4.323452 318.365845 12.691928
maksssksksss280 0.044613 257.815430 33.137199 271.278198 51.864456
maksssksksss280 0.036524 234.354141 9.891298 245.204575 22.798769
maksssksksss280 0.034626 233.009720 28.427811 241.942276 40.287544
maksssksksss280 0.018094 247.497971 7.625185 256.986450 20.160500
maksssksksss267 1.000000 162.833099 22.981197 184.443939 46.054165
maksssksksss267 1.000000 226.534683 21.717453 244.883072 41.645676
maksssksksss267 1.000000 271.331299 115.587082 294.795532 140.409576
maksssksksss267 0.999998 199.031723 78.364975 217.370621 101.375061
maksssksksss267 0.005284 279.038391 149.573822 368.119202 230.823212
maksssksksss249 1.000000 163.602081 60.776524 228.528259 138.495712
maksssksksss785 0.312531 143.812637 89.076775 216.883957 165.934784
maksssksksss380 0.999791 44.491272 202.365784 155.932465 357.618347
maksssksksss81 0.999999 277.170074 74.632034 359.377106 175.339096
maksssksksss81 0.999932 30.262272 39.223125 116.269638 162.784973
maksssksksss81 0.997917 143.423370 89.502182 222.625885 192.667679
maksssksksss81 0.039892 136.896255 21.791225 186.947189 53.037365
maksssksksss542 0.999975 168.010925 39.874828 240.479218 148.668747
maksssksksss342 1.000000 109.010933 113.515030 145.609421 163.130173
maksssksksss342 0.999999 298.877747 63.011024 321.567810 86.677086
maksssksksss342 0.999999 184.476074 66.695976 205.519562 90.979591
maksssksksss342 0.999999 255.327271 95.167496 285.357239 132.180359
maksssksksss342 0.999995 74.548058 93.294777 100.162498 123.762032
maksssksksss342 0.999835 131.848328 43.935108 145.896149 59.977070
maksssksksss342 0.999383 320.923828 200.312027 385.412170 258.000000
maksssksksss342 0.998881 86.834122 46.688004 101.694672 64.814217
maksssksksss342 0.932459 160.422195 51.214447 171.887253 67.127243
maksssksksss342 0.857449 108.237930 45.331345 121.338303 64.638000
maksssksksss342 0.051782 140.287460 46.470478 150.660568 59.900532
maksssksksss342 0.018960 268.601685 95.136673 289.292053 126.503189
maksssksksss342 0.007308 109.746002 121.937035 135.951904 150.259399
maksssksksss843 0.999955 132.773453 127.748413 217.653641 220.533661
maksssksksss843 0.999387 330.702515 200.295349 393.819946 280.829773
maksssksksss843 0.999294 2.941765 139.565277 67.318367 209.292786
maksssksksss843 0.009251 16.338305 143.255020 52.428001 193.308426
maksssksksss478 0.999981 35.530716 97.630821 164.033676 252.026886
maksssksksss478 0.999747 248.288834 133.375946 359.426880 253.559937
maksssksksss695 0.013189 165.791870 134.864075 198.443268 172.169434
maksssksksss695 0.084738 186.029572 90.083115 197.677917 102.572968
maksssksksss695 0.310954 113.594330 124.172241 126.318283 140.374786
maksssksksss695 0.248437 120.279648 117.960037 131.307312 133.569153
maksssksksss695 1.000000 191.216736 169.303192 229.780273 208.766602
maksssksksss695 1.000000 295.703674 175.252701 330.252869 213.968369
maksssksksss695 0.999998 373.920959 136.797592 396.083191 158.434250
maksssksksss695 0.999991 19.232914 126.073265 41.700905 145.312225
maksssksksss695 0.999954 56.475189 150.795395 93.429611 193.038040
maksssksksss695 0.999846 194.955994 118.438934 219.655731 137.322678
maksssksksss695 0.999584 94.916458 141.869949 112.890945 167.567215
maksssksksss695 0.999461 134.479996 131.097534 151.049149 153.632721
maksssksksss695 0.999148 40.673920 103.905800 57.600868 121.446602
maksssksksss695 0.998933 142.520477 98.542183 157.694305 114.480797
maksssksksss695 0.998540 73.329536 148.379288 96.382683 178.497177
maksssksksss695 0.995381 236.992615 102.010925 247.596405 115.901749
maksssksksss695 0.995369 215.215408 120.328247 232.643448 140.175415
maksssksksss695 0.987414 265.764801 93.833603 275.168976 104.826706
maksssksksss695 0.970368 148.166763 120.107452 166.481003 142.021210
maksssksksss695 0.931143 126.432869 129.727051 142.338684 150.812805
maksssksksss695 0.922639 369.740448 107.786530 377.490143 118.694489
maksssksksss695 0.917438 282.572479 91.080048 295.159271 105.514023
maksssksksss695 0.896083 312.863281 88.167191 320.504272 97.971130
maksssksksss695 0.865121 244.643692 100.415520 255.963425 116.692863
maksssksksss695 0.742312 101.072678 142.197433 118.375458 162.896530
maksssksksss695 0.588468 289.268280 89.512794 299.259247 100.460625
maksssksksss695 0.535294 95.497398 117.815887 108.685875 133.491318
maksssksksss695 0.481262 240.438431 95.611031 248.859665 107.678993
maksssksksss695 0.465311 126.864548 80.542107 137.848801 91.801277
maksssksksss695 0.337912 64.960136 108.631378 84.344978 125.585129
maksssksksss695 0.305656 275.429535 132.793915 288.889679 152.046295
maksssksksss695 0.259755 71.794159 111.601280 87.524445 130.748871
maksssksksss695 0.259698 291.505951 123.650536 306.261505 135.316513
maksssksksss695 0.253262 146.196548 94.913101 157.531754 109.101440
maksssksksss695 0.241777 252.424316 79.968964 259.439453 90.723450
maksssksksss695 0.183161 361.213531 86.112381 371.191681 99.190552
maksssksksss695 0.175701 168.232346 90.831406 180.633774 103.702011
maksssksksss695 0.107585 356.757385 116.623322 371.263855 131.135498
maksssksksss695 0.097312 92.954819 74.914536 101.285278 85.261566
maksssksksss695 0.082899 125.980804 85.708366 134.800385 97.642326
maksssksksss695 0.077536 244.710144 89.807419 252.402557 100.300034
maksssksksss695 0.058847 235.989731 103.901451 250.325272 123.596901
maksssksksss695 0.045929 148.772781 80.483910 157.255569 90.909859
maksssksksss695 0.045593 235.485687 82.320023 244.987915 91.929504
maksssksksss695 0.045504 85.380333 74.457520 93.532814 87.387558
maksssksksss695 0.038111 354.704498 120.059784 373.226959 138.754303
maksssksksss695 0.037389 361.394958 80.579308 370.117859 94.385002
maksssksksss695 0.035571 189.291733 106.973534 199.381882 118.252968
maksssksksss695 0.028193 156.694229 93.220512 165.176041 105.152367
maksssksksss695 0.027798 209.563644 79.690742 216.885452 89.173882
maksssksksss695 0.026857 387.335022 75.045639 395.415283 87.840271
maksssksksss695 0.025243 161.937057 74.131035 170.476761 85.766838
maksssksksss695 0.022516 90.181808 116.279564 103.086868 132.342697
maksssksksss695 0.019660 219.519409 87.541481 227.813751 101.950661
maksssksksss695 0.019028 186.831985 80.939377 196.041916 94.176712
maksssksksss695 0.017735 112.576271 107.695786 124.297218 123.866180
maksssksksss695 0.015057 207.115234 94.729095 215.867950 105.199890
maksssksksss695 0.014198 115.015236 85.555984 123.734245 97.936035
maksssksksss695 0.014093 279.262207 140.806198 294.490906 170.502090
maksssksksss695 0.012909 218.363144 126.939316 231.249283 143.320816
maksssksksss695 0.012510 224.405197 81.914391 233.739792 93.526878
maksssksksss695 0.011739 184.730576 48.190254 197.320328 64.511543
maksssksksss695 0.010292 38.241154 105.130310 50.227230 118.744751
maksssksksss695 0.010242 265.831116 97.986465 276.144409 111.105621
maksssksksss695 0.009580 341.355469 94.277718 353.337219 105.556267
maksssksksss695 0.009189 192.857452 115.634048 228.598602 145.833298
maksssksksss695 0.007365 378.145386 79.706085 386.268860 92.166168
maksssksksss695 0.007215 245.366943 143.063736 258.565491 167.893631
maksssksksss581 0.999502 87.691360 206.024551 190.308914 337.814514
maksssksksss581 0.011417 50.870857 241.698181 218.902069 320.161316
maksssksksss401 0.010183 89.744705 43.699154 133.561432 83.015823
maksssksksss401 0.025111 348.696411 65.383560 366.125061 91.425339
maksssksksss401 0.006065 347.328827 58.007591 372.011444 98.883461
maksssksksss401 0.999956 229.473267 100.918304 259.276367 146.360779
maksssksksss401 0.938790 91.786484 59.192299 129.288498 102.337578
maksssksksss732 0.048110 35.520206 64.308784 58.117558 81.629326
maksssksksss732 0.974992 152.048050 45.781548 173.754562 72.557007
maksssksksss732 0.999997 198.487793 54.042969 223.178741 79.909348
maksssksksss732 0.999957 106.861603 49.902428 129.185638 74.395050
maksssksksss732 0.999768 293.944733 45.912270 325.170868 86.387825
maksssksksss732 0.999192 236.473831 50.193794 260.191284 80.045570
maksssksksss732 0.699511 6.636885 77.821869 20.390434 91.841644
maksssksksss732 0.013055 339.378418 57.355011 359.283752 75.881149
maksssksksss617 1.000000 166.577759 98.126495 240.471863 216.504700
maksssksksss337 1.000000 109.326599 26.764320 145.844742 75.025574
maksssksksss304 0.999784 203.159698 62.625465 242.567749 115.188972
maksssksksss304 0.984228 192.628036 115.911942 228.022720 150.432816
maksssksksss304 0.106162 212.384109 65.830788 241.622360 93.234077
maksssksksss621 0.210517 310.678436 49.550438 392.410065 150.008575
maksssksksss621 0.353257 222.035339 30.168715 235.103394 47.593834
maksssksksss621 0.999900 189.460220 36.941578 207.709763 55.839275
maksssksksss621 0.032911 168.107941 112.477791 189.971802 136.097702
maksssksksss621 0.019007 198.542435 35.596077 210.431503 55.137672
maksssksksss621 0.018126 341.269684 61.246937 384.623505 126.072525
maksssksksss621 0.013878 165.225723 43.854965 184.284683 67.376213
maksssksksss771 0.693353 39.255997 95.468605 95.234024 136.012512
maksssksksss771 1.000000 142.214661 67.184692 190.924225 133.764511
maksssksksss771 0.999996 84.991714 42.877041 117.105484 88.854050
maksssksksss771 0.999977 361.043335 11.363682 394.343079 46.542953
maksssksksss771 0.999499 283.856049 71.282089 354.848480 176.987274
maksssksksss771 0.999082 33.121376 99.676758 85.544563 160.466217
maksssksksss771 0.121557 98.232834 48.432674 121.670471 77.236023
maksssksksss462 0.996692 117.130692 37.188396 148.124313 83.801666
maksssksksss659 0.996365 113.300209 97.983040 244.154266 263.706604
maksssksksss378 0.999954 118.338860 86.729507 156.932831 143.480438
maksssksksss378 0.997079 236.123199 61.277718 290.158417 108.097984
maksssksksss378 0.152044 53.819588 125.457542 86.408714 144.785156
maksssksksss378 0.112600 118.555710 95.117897 151.300613 124.278664
maksssksksss533 0.999716 99.314774 225.029053 205.234573 338.981445
maksssksksss606 0.007832 65.751678 155.077957 72.947937 164.723587
maksssksksss606 0.998809 225.653137 106.545105 252.599121 136.182877
maksssksksss606 0.996252 134.368469 130.339981 153.838440 147.136124
maksssksksss788 0.999998 389.009796 84.973244 418.353485 121.494133
maksssksksss788 0.999998 116.672417 93.786263 147.305801 127.393898
maksssksksss788 0.999992 307.292664 92.764320 330.209412 122.343163
maksssksksss788 0.999959 13.642537 98.775993 43.717903 129.519547
maksssksksss788 0.999953 211.467697 105.494064 241.262436 138.993332
maksssksksss788 0.038725 191.459335 123.781494 216.317245 155.147583
maksssksksss54 0.999999 314.257507 83.655838 338.954773 116.719467
maksssksksss54 0.999937 197.638260 67.980637 226.303299 113.822845
maksssksksss54 0.999865 116.949089 36.455112 150.006317 89.621384
maksssksksss54 0.012796 131.506287 40.856804 153.051239 85.017265
maksssksksss54 0.009141 77.088242 80.835571 97.287247 104.970612
maksssksksss54 0.008332 103.102814 51.231964 153.938828 98.169220
maksssksksss382 1.000000 138.280762 110.237167 159.003418 126.540573
maksssksksss382 1.000000 258.030640 110.778885 276.443176 128.698105
maksssksksss382 1.000000 198.530457 95.968201 215.247467 115.427612
maksssksksss382 0.999962 66.405312 96.574249 83.284813 120.737564
maksssksksss382 0.999950 325.139313 87.455292 342.212860 110.252625
maksssksksss382 0.811988 323.021881 89.603767 334.530792 107.096642
maksssksksss382 0.041456 72.611038 91.984863 93.305115 115.582550
maksssksksss382 0.018477 88.816551 88.105797 111.423424 105.075768
maksssksksss382 0.005587 207.273499 93.540848 229.664978 122.264542
maksssksksss276 0.914035 129.187164 55.234814 208.438141 138.292664
maksssksksss539 0.912850 221.780273 49.443089 231.864471 63.742596
maksssksksss539 0.783717 304.480927 95.297325 314.226593 107.819954
maksssksksss539 0.670065 364.420044 16.798096 373.473999 29.003342
maksssksksss539 0.581906 195.572052 22.165661 204.199799 35.132938
maksssksksss539 0.202159 32.075035 171.135040 44.017548 181.299072
maksssksksss539 0.145293 250.097473 129.924011 259.577637 140.337402
maksssksksss539 0.955853 259.735504 43.981812 268.732574 57.971146
maksssksksss539 0.977519 120.276489 19.258907 130.402863 31.380398
maksssksksss539 0.855601 204.826996 37.268562 216.256744 50.557472
maksssksksss539 0.097408 101.056458 202.537491 113.911087 217.084579
maksssksksss539 1.000000 143.285110 212.261261 162.122238 229.954559
maksssksksss539 1.000000 278.740753 204.623260 294.872894 223.343201
maksssksksss539 0.999988 41.378819 207.392365 58.333599 223.797180
maksssksksss539 0.999987 123.705627 127.338287 139.647583 144.773560
maksssksksss539 0.999987 372.640900 191.287552 389.775726 208.171951
maksssksksss539 0.999965 311.444733 139.052017 326.386749 154.248276
maksssksksss539 0.999952 212.668152 123.534996 228.322449 141.810211
maksssksksss539 0.999940 93.597076 229.511154 108.056564 245.014267
maksssksksss539 0.999892 52.554623 239.757202 70.543610 258.639160
maksssksksss539 0.999873 168.295975 143.623917 184.168533 160.950882
maksssksksss539 0.999818 376.615662 91.405609 388.828857 103.530319
maksssksksss539 0.999778 62.482784 152.572876 78.839874 170.516052
maksssksksss539 0.999714 21.591822 48.497169 35.247871 62.872353
maksssksksss539 0.999352 248.563324 62.774220 260.177734 77.081863
maksssksksss539 0.999304 231.444244 25.968239 242.077850 38.734531
maksssksksss539 0.998906 53.827976 39.799301 65.464172 55.288338
maksssksksss539 0.998894 353.524170 123.783295 366.655701 143.691254
maksssksksss539 0.998728 234.855988 100.953003 246.509125 117.564178
maksssksksss539 0.998501 32.284801 123.264351 45.428112 138.335785
maksssksksss539 0.997855 109.300491 38.686260 120.076279 51.007450
maksssksksss539 0.997820 7.746475 92.555984 22.787821 108.291946
maksssksksss539 0.995700 113.559761 53.817547 126.326195 68.209015
maksssksksss539 0.989753 92.270142 76.938904 102.304031 90.926224
maksssksksss539 0.980688 328.678009 25.198389 339.113434 39.403275
maksssksksss539 0.978481 24.354519 16.108299 36.144032 30.695797
maksssksksss539 0.971778 363.181519 175.428680 373.973877 190.445862
maksssksksss539 0.949375 33.268223 103.285110 48.095470 117.497131
maksssksksss539 0.948450 202.367584 24.467201 212.297546 37.356792
maksssksksss539 0.918863 28.841850 15.535393 39.056450 28.965813
maksssksksss539 0.835431 323.592010 3.193314 334.760712 16.545422
maksssksksss539 0.810651 55.828064 7.488686 67.044830 20.592741
maksssksksss539 0.782356 107.061378 41.446461 120.822411 58.748653
maksssksksss539 0.684142 136.310349 91.706985 148.099197 106.599762
maksssksksss539 0.611125 169.473770 4.580054 179.487686 15.618427
maksssksksss539 0.585833 310.813385 7.286781 318.562225 16.915146
maksssksksss539 0.565476 61.377033 131.403351 74.218376 144.191437
maksssksksss539 0.354296 92.470680 73.043785 105.141396 97.861382
maksssksksss539 0.292655 131.978378 88.430405 150.438980 109.565903
maksssksksss539 0.190284 310.921997 145.934433 324.988037 156.053848
maksssksksss539 0.119800 18.567577 50.657940 30.279938 65.210014
maksssksksss539 0.111276 25.954128 75.538544 40.578716 92.258835
maksssksksss539 0.058770 125.987617 90.296501 143.724045 111.121330
maksssksksss539 0.045316 368.298004 21.168644 378.774628 36.709217
maksssksksss539 0.043370 369.553864 186.628342 387.453522 203.250259
maksssksksss539 0.032564 59.344521 135.010544 73.865013 152.233566
maksssksksss539 0.023161 385.073578 106.231010 393.270172 119.899986
maksssksksss539 0.020029 391.486816 147.160004 399.161316 163.223419
maksssksksss539 0.019181 289.854553 133.116409 302.820984 149.132095
maksssksksss539 0.018280 114.952446 22.354317 129.330078 47.000046
maksssksksss539 0.016026 148.789795 19.733105 155.956573 28.896393
maksssksksss539 0.010589 329.371460 75.377235 339.420532 86.393944
maksssksksss539 0.010032 264.909668 131.690826 275.569763 142.696533
maksssksksss539 0.009725 115.003700 14.254324 132.339951 36.904350
maksssksksss539 0.009109 256.180817 42.830238 265.326324 55.816940
maksssksksss539 0.009088 303.230194 91.807045 316.955475 111.684196
maksssksksss539 0.008351 202.887329 18.927185 211.862854 31.053570
maksssksksss539 0.005816 25.814390 83.822372 41.567562 104.128311
maksssksksss250 0.012721 84.412529 67.902939 120.209435 110.133942
maksssksksss250 0.994321 25.534225 40.587288 62.680946 81.077591
maksssksksss250 0.981925 340.571198 38.127975 387.105316 90.698700
maksssksksss250 0.999998 177.792130 61.778870 221.364151 111.351639
maksssksksss250 0.054382 300.462708 66.104767 348.606567 195.302155
maksssksksss250 0.053907 256.354370 64.875130 400.000000 178.555420
maksssksksss250 0.049673 269.989807 43.131111 308.437073 89.681297
maksssksksss162 0.999608 92.270424 186.136917 189.288849 311.197449
maksssksksss26 0.999852 237.292679 153.683624 334.316437 232.568268
maksssksksss26 0.999461 73.740326 84.948151 170.655975 199.219879
maksssksksss443 0.083415 65.826752 153.448471 202.626648 281.403137
maksssksksss160 1.000000 73.538712 78.661469 144.208481 151.706528
maksssksksss160 0.984021 234.722412 112.032028 308.660522 191.623337
maksssksksss44 0.999984 143.508347 91.362015 187.080460 159.500351
maksssksksss44 0.999201 263.481873 52.720062 300.690735 118.623993
maksssksksss44 0.983298 45.064751 122.379784 77.715668 192.682373
maksssksksss44 0.109204 38.158478 97.275261 98.319107 174.482971
maksssksksss44 0.008918 334.141296 45.147388 388.781128 98.158508
maksssksksss331 0.083869 263.771545 48.171291 276.449097 64.073181
maksssksksss331 0.023294 344.690613 120.843498 379.760498 165.744843
maksssksksss331 0.271118 368.203888 47.590443 380.752655 63.150143
maksssksksss331 0.213776 260.897552 51.169815 279.926971 69.805847
maksssksksss331 0.999999 125.851204 61.194160 150.703857 87.512505
maksssksksss331 0.999998 271.974762 74.677132 290.494537 93.382454
maksssksksss331 0.999990 149.531189 110.625015 180.792023 149.376724
maksssksksss331 0.999985 24.976646 72.535034 47.790688 93.584061
maksssksksss331 0.999689 296.602325 109.586197 320.549652 134.880417
maksssksksss331 0.999503 309.025085 71.030807 326.468689 90.310135
maksssksksss331 0.999368 231.705872 101.601593 264.395844 140.164307
maksssksksss331 0.996566 205.965622 59.308823 220.371994 76.508957
maksssksksss331 0.949820 4.244886 145.248581 25.155119 177.631210
maksssksksss331 0.873118 344.258179 54.782806 361.642944 74.695778
maksssksksss331 0.818281 367.462128 53.714451 378.205963 67.244881
maksssksksss331 0.585095 327.320221 42.911972 338.433929 56.113907
maksssksksss331 0.078235 299.799530 47.405266 312.361359 62.617943
maksssksksss331 0.024064 301.076019 103.447479 331.375763 138.412689
maksssksksss331 0.014667 297.098053 56.618359 308.217682 74.580856
maksssksksss331 0.009677 344.118896 65.666824 358.836548 86.239639
maksssksksss331 0.007167 346.410034 48.195389 358.342773 62.327675
maksssksksss730 0.999993 244.284470 125.305893 259.549469 141.769699
maksssksksss730 0.999987 143.664566 107.808945 155.547104 120.155563
maksssksksss730 0.999979 191.788589 78.581696 204.623581 95.667114
maksssksksss730 0.025729 189.990723 74.564285 215.420563 98.178406
maksssksksss199 0.241850 133.102158 117.769363 141.337204 130.518738
maksssksksss199 0.025146 137.258087 120.526428 144.042236 131.210083
maksssksksss199 0.018496 301.948242 89.488937 319.775330 113.071655
maksssksksss199 0.999993 322.545593 114.731590 334.861877 128.642303
maksssksksss199 0.994346 46.334892 144.584061 55.936951 154.149734
maksssksksss199 0.581880 40.470528 144.163910 51.497940 154.342377
maksssksksss199 0.521610 210.887604 103.844864 219.132050 114.359299
maksssksksss199 0.203814 214.790466 106.205215 222.620758 118.363617
maksssksksss199 0.101301 145.531906 82.160110 153.985825 94.835526
maksssksksss468 0.999919 104.360596 140.146332 216.004608 275.408539
maksssksksss546 0.999868 26.261375 173.625534 139.220398 300.465698
maksssksksss813 0.229109 34.451096 104.979980 366.869324 398.101013
maksssksksss813 0.012968 1.000000 127.666367 381.000000 315.825500
maksssksksss813 0.006505 1.000000 1.000000 381.000000 492.000000
maksssksksss813 0.006484 109.401527 67.663704 326.925934 305.455200
maksssksksss813 0.005464 110.732040 188.732590 293.001099 387.331909
maksssksksss568 0.999988 102.145531 174.118103 184.665588 323.057770
maksssksksss561 0.089075 65.990517 166.680176 193.391205 273.314697
maksssksksss334 0.508315 338.894623 110.882370 367.018402 151.919907
maksssksksss334 1.000000 268.970154 108.432556 303.545349 152.226166
maksssksksss334 0.999999 95.829201 73.514565 133.329132 136.544769
maksssksksss334 0.999975 188.459564 100.191895 233.401215 155.421677
maksssksksss334 0.506521 261.177826 113.586807 287.969086 146.397537
maksssksksss334 0.059612 284.451965 115.022217 303.863831 144.847687
maksssksksss471 0.024183 171.210541 45.020744 192.234650 77.008682
maksssksksss471 0.007689 260.231262 69.700157 271.037415 85.256935
maksssksksss471 0.014841 234.692978 80.520470 243.470078 95.370949
maksssksksss471 0.999998 362.761597 55.406048 384.429810 76.370049
maksssksksss471 0.999995 65.096130 74.003067 99.930130 117.048325
maksssksksss471 0.989163 332.850769 77.987259 354.769409 95.688904
maksssksksss471 0.048569 305.420929 91.600861 317.852081 110.361618
maksssksksss471 0.044377 310.033386 76.259949 323.456055 89.110947
maksssksksss471 0.037612 296.202637 68.269112 317.599976 89.147667
maksssksksss471 0.025293 335.032776 82.453972 350.385437 100.290718
maksssksksss471 0.008365 108.069122 72.630638 123.117096 95.563042
maksssksksss471 0.008279 324.524323 87.815788 345.182831 111.601021
maksssksksss471 0.007556 293.789032 94.034302 306.169037 111.051346
maksssksksss424 0.026927 316.123627 107.807632 325.000580 119.128571
maksssksksss424 0.036686 296.197815 105.693253 304.246338 116.343369
maksssksksss424 0.508560 139.786102 173.053207 151.410248 185.486832
maksssksksss424 0.078312 300.159576 96.485497 308.812408 105.337852
maksssksksss424 0.836368 166.230499 235.265305 191.940979 259.439545
maksssksksss424 0.010500 143.535843 175.107391 154.837143 188.274536
maksssksksss424 0.011200 268.542114 108.919899 274.710815 118.040840
maksssksksss424 0.374995 126.624794 154.647919 137.625885 167.495453
maksssksksss424 0.028035 276.421234 140.435120 287.554047 154.005890
maksssksksss424 0.015146 282.103821 98.254974 290.628601 105.067825
maksssksksss424 0.146656 285.499603 107.409843 293.210602 116.793694
maksssksksss424 0.007757 311.954254 95.448067 321.207672 104.139961
maksssksksss424 0.031154 328.396729 108.107811 337.581116 118.134102
maksssksksss424 0.999644 29.331535 185.558731 46.353760 204.717178
maksssksksss424 0.999590 212.681610 154.414658 223.928741 171.319443
maksssksksss424 0.998885 233.806519 148.086945 249.168884 167.741425
maksssksksss424 0.996428 159.821854 174.862793 172.396896 190.265015
maksssksksss424 0.995969 201.365982 117.894287 208.766464 129.345169
maksssksksss424 0.995708 98.656021 193.617020 110.763062 208.442276
maksssksksss424 0.994913 178.296204 165.151169 189.195709 179.705460
maksssksksss424 0.994198 193.372452 179.120361 212.895706 197.388916
maksssksksss424 0.992736 246.328568 122.722076 255.456009 134.833115
maksssksksss424 0.988223 138.548538 153.045120 152.045883 165.755753
maksssksksss424 0.983786 200.703629 195.789154 218.827377 216.438293
maksssksksss424 0.977584 124.407852 181.369904 134.833267 195.788361
maksssksksss424 0.874337 138.508560 240.131516 159.026932 266.926971
maksssksksss424 0.612301 113.207451 170.968948 121.296959 184.109390
maksssksksss424 0.562505 342.669037 104.170708 350.457977 114.837547
maksssksksss424 0.518069 205.083374 136.467514 214.196838 147.639786
maksssksksss424 0.439831 377.772003 101.552475 383.687103 110.839066
maksssksksss424 0.424013 127.350586 221.398071 143.018860 247.497620
maksssksksss424 0.366517 239.698898 124.315811 248.944839 135.146225
maksssksksss424 0.326295 194.028091 177.305374 205.508408 191.557205
maksssksksss424 0.289991 180.386383 163.738983 198.030792 181.967682
maksssksksss424 0.268094 182.184891 163.642593 193.479477 176.383133
maksssksksss424 0.130413 263.992798 147.498932 280.503357 165.305847
maksssksksss424 0.125257 144.138077 240.981796 169.159164 264.447754
maksssksksss424 0.099779 254.867798 107.744255 262.934204 116.790443
maksssksksss424 0.086826 171.393234 173.515839 183.975021 190.841705
maksssksksss424 0.062082 84.981995 230.133545 106.762222 250.852692
maksssksksss424 0.051752 111.589142 197.629181 123.007523 211.468109
maksssksksss424 0.037458 266.243988 117.408859 274.513031 127.209488
maksssksksss424 0.036162 384.293091 106.048042 392.490784 116.989830
maksssksksss424 0.032865 346.480347 96.241585 353.098083 106.337410
maksssksksss424 0.028429 384.486572 116.189972 391.770020 131.916382
maksssksksss424 0.027896 112.766464 158.039459 122.235001 170.318970
maksssksksss424 0.026650 114.462769 177.201508 123.163925 189.746094
maksssksksss424 0.022399 362.560272 128.965607 370.212982 142.333527
maksssksksss424 0.020943 225.456177 111.134117 233.436920 119.120522
maksssksksss424 0.020744 130.036621 220.970459 139.118805 240.592926
maksssksksss424 0.019121 111.882317 205.202484 124.862038 221.037781
maksssksksss424 0.017980 21.313742 169.511047 29.883856 184.846527
maksssksksss424 0.016735 86.984581 169.091766 95.556831 180.680420
maksssksksss424 0.016109 310.977722 138.886261 320.634766 151.697174
maksssksksss424 0.016076 155.719360 158.705048 166.210205 168.879059
maksssksksss424 0.011942 308.570099 82.203568 318.162201 88.892807
maksssksksss424 0.009184 247.726913 128.851883 257.098511 143.414688
maksssksksss424 0.009057 127.473061 193.647141 138.464157 207.269180
maksssksksss424 0.007394 178.871277 235.454895 198.719849 263.521149
maksssksksss424 0.006537 64.321327 188.314270 73.495232 199.143921
maksssksksss424 0.006487 354.486176 105.903389 360.738739 114.780388
maksssksksss424 0.006339 359.048706 124.205139 366.875793 136.931213
maksssksksss424 0.006192 353.501068 98.623306 360.822723 107.545303
maksssksksss424 0.006137 220.851242 134.644272 227.848770 147.873703
maksssksksss424 0.005519 326.942322 120.878876 337.171204 132.146103
maksssksksss424 0.005142 226.131897 126.671661 234.769592 136.800842
maksssksksss104 0.012715 32.499630 92.697044 50.196186 108.539558
maksssksksss104 0.581302 4.022037 105.706711 17.306782 123.928116
maksssksksss104 0.939284 80.538246 89.198914 94.190742 102.704010
maksssksksss104 0.999999 219.889099 96.738846 255.642242 140.961121
maksssksksss104 0.999765 131.043732 107.634560 175.503601 157.386093
maksssksksss104 0.075646 179.747833 86.731750 201.482269 113.649033
maksssksksss104 0.020613 94.207222 100.373260 104.506340 114.175491
maksssksksss104 0.009247 22.934908 93.154823 44.561539 115.571739
maksssksksss104 0.005572 105.554031 84.687309 118.985580 100.222832
maksssksksss82 1.000000 9.168751 56.862232 27.133396 74.532318
maksssksksss82 1.000000 59.346359 68.762070 78.880661 88.008194
maksssksksss82 0.999999 149.383972 46.879135 172.227814 71.147285
maksssksksss82 0.999999 330.401062 58.874947 354.044556 87.237480
maksssksksss82 0.999998 242.336319 77.111221 262.575714 99.779770
maksssksksss82 0.999997 194.801102 39.868156 217.574966 66.764893
maksssksksss82 0.062759 188.937256 39.128120 208.232330 67.785950
maksssksksss784 1.000000 233.400574 39.204666 265.683289 67.700439
maksssksksss784 0.999999 276.897369 66.613480 304.329803 95.938034
maksssksksss784 0.999998 176.558807 57.256767 204.827240 88.591393
maksssksksss784 0.999995 45.497993 59.941494 72.962410 92.408524
maksssksksss784 0.999918 107.844299 43.676273 144.607910 82.956207
maksssksksss784 0.999656 91.856102 79.977081 118.673729 108.007233
maksssksksss784 0.999018 317.108276 71.723473 347.967529 102.480354
maksssksksss784 0.998299 138.916443 84.920311 168.349487 114.084145
maksssksksss784 0.469760 383.085327 64.852379 399.466492 89.386040
maksssksksss784 0.096918 216.199753 56.876724 230.215958 68.937119
maksssksksss784 0.061661 149.439163 53.985687 171.144760 75.157524
maksssksksss784 0.005433 385.746490 64.184357 396.195343 79.442505
maksssksksss17 0.999971 81.057213 176.209396 163.090240 299.972961
maksssksksss141 1.000000 132.092102 94.402603 175.485474 148.707718
maksssksksss141 1.000000 222.031570 123.462471 258.205109 168.029938
maksssksksss580 0.758549 104.925110 91.223175 140.913055 133.973053
maksssksksss580 0.999910 100.940491 48.207062 144.074219 105.443420
maksssksksss580 0.020820 97.648048 76.789322 137.130493 120.504684
maksssksksss306 0.999933 138.090881 168.071274 259.260712 338.770325
maksssksksss753 0.475518 256.026520 125.513641 266.366058 134.697968
maksssksksss753 0.709982 270.201172 118.623695 278.266479 127.492210
maksssksksss753 0.131045 69.064728 118.508194 75.499634 124.246460
maksssksksss753 0.065820 133.975525 115.910057 142.713043 125.386299
maksssksksss753 0.884579 167.693359 118.734222 176.754150 127.633057
maksssksksss753 0.056398 354.465790 109.527863 361.784576 118.467926
maksssksksss753 0.010724 141.546310 118.614937 151.044113 127.525551
maksssksksss753 0.990121 6.341085 116.772903 15.940460 127.849976
maksssksksss753 0.999877 198.507477 141.908051 228.341278 173.644623
maksssksksss753 0.938143 348.974091 116.416168 358.404816 127.558914
maksssksksss753 0.897261 23.376144 163.545486 33.862305 171.032547
maksssksksss753 0.891421 101.088890 119.797569 110.696159 128.024384
maksssksksss753 0.837390 190.174988 119.026375 200.382477 130.418381
maksssksksss753 0.622637 382.008240 168.472122 397.834229 180.768082
maksssksksss753 0.347973 345.519653 92.492134 353.495056 101.833656
maksssksksss753 0.316148 281.812317 127.611099 291.061218 136.347366
maksssksksss753 0.227021 34.471539 135.752472 40.173939 142.491699
maksssksksss753 0.103996 374.370117 134.100266 384.919312 143.609970
maksssksksss753 0.058346 100.869385 115.012314 109.593948 122.736908
maksssksksss753 0.043643 358.673065 164.349014 371.703827 177.675095
maksssksksss753 0.038099 329.254059 150.703171 336.826202 161.392532
maksssksksss753 0.029746 10.846764 113.422485 19.145029 122.323380
maksssksksss753 0.028794 48.405346 123.700798 53.892498 128.963821
maksssksksss753 0.026250 384.533691 174.835449 395.442993 190.196411
maksssksksss753 0.020749 373.578033 121.940323 382.509064 131.661880
maksssksksss753 0.019084 286.198120 194.248550 359.354309 267.000000
maksssksksss753 0.017984 381.688110 121.361893 392.379578 130.177597
maksssksksss753 0.015484 38.029831 129.952377 44.527336 135.189377
maksssksksss753 0.014605 374.447174 148.536804 384.848602 158.062592
maksssksksss753 0.009732 362.356201 131.360870 373.362366 143.244293
maksssksksss753 0.008229 347.853058 107.968094 357.210785 117.710220
maksssksksss753 0.006270 289.258667 217.126495 341.737183 253.286530
maksssksksss753 0.005710 385.718719 149.055634 395.141449 160.153198
maksssksksss753 0.005710 310.473206 152.022293 320.706421 162.485580
maksssksksss753 0.005443 388.433167 132.496140 397.998596 145.513596
maksssksksss362 0.999980 257.567505 91.774429 338.143921 188.169510
maksssksksss362 0.999947 70.611725 101.730453 168.660950 231.187241
maksssksksss362 0.998800 178.856354 114.683350 262.001831 207.645966
maksssksksss101 0.042573 54.049194 291.263702 164.329422 400.000000
maksssksksss101 0.015194 6.905790 101.123123 14.805895 108.446686
maksssksksss490 0.999941 89.882568 147.992188 203.572449 278.005402
maksssksksss490 0.017570 109.933693 125.517166 161.578400 302.104797
